S 
S -775 -554 -532
S 43 -16 96
S -784 -551 460
S 718 -337 582
S -892 -499 -569
S 463 -600 -530
S -815 -637 -599
S 776 -278 495
S 858 -268 526
S 293 497 -799
S 531 -580 -430
S 286 704 496
S -718 -447 453
S 314 831 609
S 280 497 -675
S -125 122 195
S -917 755 -729
S -728 -466 600
S -910 798 -490
S 277 733 552
S -428 756 796
S -491 713 739
S -425 674 850
S 469 -473 -489
S -923 625 -580
S 374 459 -626
S 
S 337 -770 -686
S 715 590 522
S 714 -784 879
S 286 -914 -728
S 371 565 -546
S 314 -890 -714
S 336 518 -686
S -556 -575 592
S -541 750 -562
S -605 -753 -639
S -708 776 377
S 736 426 566
S 778 607 538
S -600 -640 772
S -125 -54 56
S 35 -9 -45
S -563 609 -523
S -700 -738 -597
S -738 -900 -636
S -854 786 421
S -639 -586 745
S 810 -713 806
S 294 597 -553
S 731 -800 785
S -781 768 547
S -590 720 -395
S 
S -441 556 -929
S -327 708 -896
S -479 696 684
S -620 -835 781
S 543 548 -776
S 780 -569 -623
S 72 -35 -28
S 739 -671 589
S -722 -829 846
S 751 -616 690
S -726 -518 -431
S 614 357 -777
S 820 -560 -520
S -395 593 590
S 409 467 503
S -480 689 -930
S -638 -678 796
S -659 -697 -393
S -670 -521 -456
S -381 674 686
S 505 478 -820
S 724 -562 541
S 512 487 569
S 799 -727 -520
S 383 626 564
S 
S -471 -463 618
S -528 536 550
S 580 589 470
S 611 632 475
S -631 -616 -517
S 387 908 -363
S -420 -552 711
S -596 872 -676
S 558 -453 -661
S -57 3 -53
S 343 898 -509
S 432 -607 530
S -532 492 595
S -673 -631 -612
S -429 842 -627
S 513 890 -436
S 711 -464 -578
S -458 -587 707
S 515 -559 625
S 334 -581 608
S -670 -778 -479
S -539 593 691
S 738 -518 -617
S -557 731 -654
S 649 644 484
S 
S 773 -717 -634
S 808 667 616
S -324 505 684
S 129 -130 -61
S -775 808 -500
S -352 -815 452
S -799 666 -540
S 66 54 34
S 535 -677 376
S 954 517 -467
S 801 -678 -463
S 749 572 -432
S -419 -830 362
S 699 682 568
S -816 781 -501
S 754 694 467
S 541 -779 311
S -622 -542 -779
S -755 -542 -767
S -373 626 725
S -404 568 818
S 777 -727 -350
S -663 -338 -764
S -274 -843 495
S 692 -695 361
S 791 545 -440
S 
S -760 593 537
S -686 583 544
S 427 -483 728
S -401 -648 -691
S -570 -596 -652
S 531 634 -630
S -519 424 -468
S -729 419 -444
S -738 -441 557
S 527 -382 -315
S -788 622 509
S 693 567 425
S -812 -366 558
S 460 -418 -286
S 393 -523 622
S 729 514 586
S 600 -440 -304
S -741 -585 560
S 511 577 -450
S 501 -567 630
S -22 169 14
S -547 479 -473
S 466 587 -645
S -516 -651 -761
S 766 630 561
S 
S -326 322 730
S -445 -390 376
S 574 489 585
S -735 -527 -435
S -496 330 803
S 91 47 -14
S -542 -548 387
S 648 -569 724
S 603 -590 -612
S -736 -587 -407
S -487 491 -756
S 828 -581 704
S -527 -545 430
S -471 508 -693
S -768 -536 -342
S 596 -524 -524
S -515 672 -714
S 858 -559 735
S -370 312 876
S 604 501 -272
S 0 -116 153
S 627 -517 -719
S 446 378 612
S 737 580 -314
S 613 348 563
S 597 533 -349
S 
S 394 -586 -661
S 393 -558 -601
S -689 562 -354
S 684 225 -798
S -114 -56 111
S -739 -893 597
S -565 -643 -577
S -861 -971 590
S -704 490 533
S -17 -119 -35
S 361 -493 -652
S -796 -915 662
S 507 388 760
S 587 236 -640
S -534 -597 -598
S 651 391 763
S 385 -536 502
S 428 -570 366
S -499 540 -276
S -597 579 -433
S 470 -427 432
S 726 317 762
S -683 546 506
S 602 279 -643
S -526 -685 -624
S -701 405 437
S 
S -399 844 418
S -722 -795 -540
S 627 -452 885
S -443 829 419
S -747 -451 528
S 556 -356 812
S 408 573 -471
S 633 433 707
S -620 317 -769
S 547 404 848
S 757 -880 -722
S -754 -872 -547
S 364 498 -597
S 487 536 -630
S -61 48 31
S 643 -435 791
S -764 -388 544
S -152 -77 -70
S -583 -430 572
S -675 -830 -680
S -472 893 309
S -634 319 -814
S 613 -829 -680
S 733 -852 -708
S -486 380 -859
S 567 444 728
S 
S -477 -923 -562
S -779 -536 360
S -459 -972 -443
S -795 -519 454
S 320 809 936
S 419 279 -638
S -646 -969 -505
S 476 281 -604
S -785 349 538
S 18 6 -41
S -699 320 397
S -708 -440 433
S 247 760 827
S 469 -915 -835
S 553 -964 -787
S -719 360 517
S 291 745 826
S -603 790 -602
S -579 787 -649
S 534 239 -691
S -54 -171 71
S -536 693 -708
S 324 -938 -747
S 431 -514 673
S 612 -472 701
S 595 -535 717
S 
S -476 -681 -773
S 501 743 -516
S 553 756 508
S 663 -627 790
S 683 -639 610
S -522 743 510
S -653 -618 565
S 479 763 518
S -460 346 -739
S 451 791 547
S 346 -660 -580
S 694 -649 820
S -426 482 -782
S 427 742 -441
S -559 612 389
S 389 -663 -565
S 498 740 -660
S -448 -621 -774
S -317 412 -697
S 36 -9 7
S -760 -691 589
S -472 578 535
S 335 -818 -483
S -565 -684 558
S -383 -672 -806
S 
S 410 -606 803
S 449 -844 814
S 383 -848 778
S -484 796 561
S -728 -606 -672
S -741 469 -674
S -478 816 785
S -597 -643 -793
S -59 1 97
S -776 367 -635
S 655 637 540
S 706 -844 -593
S 6 -117 -25
S 642 579 -392
S 654 599 -572
S 664 610 -362
S 621 578 662
S 699 -649 -624
S -664 -391 802
S -725 -496 900
S -563 -556 -647
S -679 -428 850
S -748 395 -664
S 687 732 647
S -481 753 754
S 633 -737 -617
S 
S 646 -480 -717
S -770 505 551
S 913 318 447
S 448 812 -365
S -560 667 -499
S -564 -524 -734
S -680 -549 -697
S 851 263 498
S -601 -500 792
S 417 -462 -695
S -617 487 -479
S -775 481 761
S 549 -537 -665
S 437 744 -417
S 848 -770 371
S -572 -472 820
S -607 682 -434
S 401 722 -491
S 790 326 600
S 817 -767 434
S 163 39 -44
S 1 -5 58
S -611 -507 718
S -627 -388 -661
S -715 510 579
S 624 -764 391
S 
S 311 670 -775
S 712 -733 566
S -560 -681 -278
S -51 60 110
S -700 -659 -296
S 641 -514 568
S 624 694 891
S 470 -503 -644
S -551 763 738
S -493 -576 630
S 483 676 822
S 301 -451 -683
S 539 697 795
S 416 -448 -753
S -527 -616 736
S -627 -717 -307
S -601 -532 638
S -815 661 -730
S -478 691 870
S -750 658 -716
S 446 748 -705
S -967 689 -763
S 638 -658 565
S -478 615 676
S 428 597 -769
S 
S 624 622 -621
S 649 590 -567
S 10 57 64
S 394 -674 -779
S 693 781 830
S -556 369 -750
S -590 410 496
S -648 -683 518
S -560 389 -781
S -29 -77 -73
S 856 -788 330
S -500 371 598
S -638 -830 499
S 366 -787 -652
S 798 -701 389
S 635 617 -580
S 357 -731 -681
S -345 -433 -622
S 938 -757 320
S -411 -544 -661
S -579 491 615
S 141 50 -115
S -348 -487 -704
S 521 745 757
S 491 729 859
S -704 -823 603
S -533 382 -904
S 
S -263 581 -415
S -281 390 -455
S 916 -537 -806
S -605 382 414
S 837 -450 -785
S 820 -466 -879
S 392 -336 728
S -632 -350 636
S -594 -512 597
S -499 -497 639
S 65 78 -18
S -707 462 345
S 789 668 -384
S 684 328 667
S -644 442 525
S -232 625 -454
S 552 397 728
S -450 -675 -592
S 876 640 -488
S -494 -610 -772
S 719 346 687
S 420 -360 714
S -533 -664 -745
S 443 -480 686
S 758 684 -529
S 
S 874 677 -708
S -575 -438 574
S 673 661 488
S 94 -32 -47
S -444 467 -486
S -64 28 70
S -445 392 -412
S -775 648 332
S 760 -684 787
S -705 733 441
S 557 -393 -495
S 735 590 500
S 772 -816 735
S -396 -596 -436
S 581 -398 -705
S 843 -843 784
S 765 622 -654
S -431 -557 -538
S 804 674 -823
S -444 -559 537
S -447 611 -483
S 586 -453 -677
S -841 690 475
S -609 -584 487
S -424 -567 -464
S 676 610 517
S 
S -457 602 -521
S -785 -705 788
S 287 -452 868
S 235 664 699
S 408 -468 -355
S -439 580 -661
S -747 -785 826
S 298 -656 818
S -559 876 501
S 477 729 -620
S -108 152 68
S -783 -472 -590
S -798 -425 -655
S 291 702 828
S 433 -352 -392
S 272 -405 -428
S 240 704 825
S -468 544 -594
S 245 -536 845
S -488 821 519
S 575 645 -694
S -689 -747 941
S 469 685 -728
S -477 793 620
S -603 -415 -610
S 14 11 7
S 
S 788 552 -857
S -660 -556 795
S -557 617 662
S -25 -55 -84
S 794 776 -877
S 524 -673 -456
S 157 -18 13
S 531 -683 -530
S -302 718 -648
S 547 891 435
S -481 -842 -697
S 675 -802 582
S -294 841 -801
S -743 -397 792
S 544 -681 545
S -672 -424 743
S 608 793 330
S -486 -787 -669
S -239 779 -750
S 791 745 -814
S 593 841 367
S 709 -656 495
S -530 631 649
S -457 -847 -487
S -525 642 608
S 496 -644 -428
S 
S -238 548 843
S 842 -440 418
S -285 454 751
S 799 419 -559
S 719 -870 -801
S 740 536 579
S 807 491 -376
S -549 300 -752
S -661 -859 519
S 811 577 -506
S -686 -675 576
S 908 -476 414
S 626 541 737
S 741 -825 -767
S 881 -451 656
S 677 411 619
S -621 -612 -426
S 32 40 20
S -251 628 740
S -587 -669 -313
S -416 346 -677
S 675 -673 -842
S -709 -695 -334
S -715 -764 472
S 184 -69 70
S -550 391 -735
S 
S 488 654 558
S 451 888 -733
S 483 888 -660
S -798 636 -780
S -717 497 622
S -643 572 623
S -665 -462 643
S 596 698 550
S 481 -464 -423
S -3 6 -186
S 522 614 452
S 438 -558 -488
S -693 -491 671
S -461 -554 -759
S -591 -452 636
S 639 871 -733
S -755 621 -783
S 824 -383 594
S 105 51 -18
S 861 -499 619
S -809 539 -938
S -646 716 620
S -481 -734 -747
S 410 -375 -562
S 788 -436 755
S -450 -764 -769
S 
S -492 308 450
S -319 346 369
S -389 604 -841
S 627 687 -533
S 768 -378 -808
S -443 346 356
S 661 279 514
S -519 -788 -739
S 652 694 -527
S -688 -731 607
S 481 -473 512
S 457 -735 508
S 750 -467 -853
S 762 295 510
S 772 -434 -805
S 81 -10 87
S -79 -146 66
S -549 -650 -816
S 517 -627 495
S 621 252 457
S -586 -705 -699
S -628 647 -834
S -538 474 -847
S 650 678 -718
S -588 -751 539
S -629 -624 545
S 
S 816 750 750
S 413 -797 -714
S -683 -851 -281
S -915 736 410
S 673 816 792
S -820 700 413
S 661 584 -482
S -723 -943 -352
S 361 -785 -582
S 660 -698 763
S -499 -562 697
S 631 -701 712
S -700 -876 -425
S 574 550 -336
S -387 -534 674
S -855 686 385
S 648 -760 692
S -502 464 -636
S 611 419 -457
S -568 -549 721
S -52 -100 132
S -401 404 -659
S 364 -868 -741
S 707 680 835
S -129 -24 -46
S -438 456 -592
S 
S -664 626 764
S 388 -888 -500
S -675 507 845
S 549 479 -672
S 539 -610 633
S -14 70 75
S -708 742 -850
S -622 -839 -781
S -112 -80 -29
S -618 -893 873
S -863 654 -829
S -645 -770 866
S 756 494 -685
S 550 -569 638
S -667 -779 -675
S -771 737 -775
S 564 -556 665
S 290 -783 -439
S -641 -739 886
S 340 -851 -485
S -585 609 884
S 406 870 526
S 614 566 -711
S -495 -839 -657
S 436 768 510
S 608 841 474
S 
S 492 -446 -368
S -847 -473 896
S -686 -645 -471
S 602 -574 731
S -895 -458 859
S -621 -684 -558
S -696 660 618
S 370 807 483
S -829 553 -862
S 343 878 434
S 425 -394 -331
S 448 -454 -432
S -60 18 -53
S -671 692 564
S -479 -658 -486
S 502 795 431
S -627 501 -833
S 732 953 -653
S 659 886 -630
S -685 665 577
S -945 -412 791
S 748 -540 644
S -13 142 95
S 803 861 -613
S 627 -409 681
S -799 537 -760
S 
S 584 -913 -621
S -669 585 723
S -590 347 -711
S 81 -101 14
S 387 -872 -577
S -791 -634 -757
S 781 343 -388
S -534 -464 686
S 853 763 674
S -621 542 -704
S 432 -838 -555
S 806 585 -415
S 437 -582 474
S 817 347 -454
S -28 1 -89
S -644 635 558
S -798 -860 -702
S -778 -704 -654
S 903 695 720
S -614 454 -638
S -467 -427 738
S -490 -528 678
S 805 800 659
S 644 -567 487
S 579 -654 448
S -790 548 592
S 
S 423 -847 767
S 653 -771 -637
S -845 -744 -484
S -806 746 -548
S -152 -123 -153
S 278 -860 634
S 599 -943 -691
S -531 -694 753
S -48 45 -50
S -695 665 561
S -848 -800 -459
S 408 551 311
S 328 488 445
S 377 609 404
S 471 338 -463
S -669 -733 -421
S -797 706 -651
S -804 650 513
S 390 412 -574
S 602 -896 -717
S -639 725 -548
S -688 -712 768
S 356 -832 677
S 435 333 -465
S -537 -796 818
S -750 677 662
S 
S 729 503 -479
S -517 -963 373
S -378 -582 -567
S 414 -594 -678
S -559 244 -879
S -318 -621 -456
S -695 246 -838
S 605 592 -466
S 674 -732 730
S 728 -693 703
S -542 344 -835
S -561 -994 412
S 633 510 507
S -708 521 549
S 585 415 424
S -398 -519 -387
S 576 -632 -639
S -326 -945 413
S 561 -727 -681
S 45 -86 -77
S 739 -776 550
S -654 543 735
S 640 596 -428
S -677 680 596
S 611 493 326
S 
S -401 -616 740
S 703 -826 599
S -690 -659 -687
S -348 560 910
S 624 -868 732
S 900 331 -443
S -484 839 -465
S -467 -528 733
S 812 423 -526
S -451 630 897
S -717 -417 -662
S 778 310 -469
S -651 -421 -698
S 892 384 420
S -550 764 -313
S -528 798 -268
S 906 -475 -374
S 758 321 510
S 656 -791 739
S 852 -522 -279
S -403 786 917
S 877 -579 -463
S -394 -421 709
S 744 323 465
S 105 -23 64
S 
S -481 471 -306
S 562 -724 861
S 476 -793 -720
S -785 753 665
S -567 -417 -645
S -655 -633 546
S -620 -523 657
S 517 -618 801
S -890 860 687
S 566 930 915
S 413 -718 -715
S 321 -772 -632
S -680 -567 -661
S -501 453 -380
S -607 459 -359
S 543 943 761
S 509 902 -485
S 689 -600 861
S -867 634 707
S -656 -364 571
S -775 -406 -665
S 539 923 792
S 520 821 -604
S 599 941 -587
S -49 148 48
S -146 23 -56
S 
S -573 -366 309
S -619 -298 359
S 531 -593 583
S -820 946 424
S 276 717 482
S -791 -310 -476
S -156 152 71
S 504 -580 569
S 268 870 359
S -752 836 -543
S 380 600 -403
S -889 872 -507
S 213 819 421
S 739 -256 -599
S -8 44 -80
S -915 -310 -603
S 276 689 -454
S -817 883 455
S 499 -539 558
S 752 -410 -622
S 326 650 -466
S -634 -261 407
S -809 -370 -648
S 732 -379 -626
S -814 926 648
S -775 839 -399
S 
S 12 9 58
S -528 -741 535
S 821 -855 -688
S 933 458 730
S 829 -738 634
S -489 -657 -824
S 774 -596 637
S -391 -745 -874
S -728 646 405
S 710 -695 719
S -673 717 423
S -454 748 -617
S -432 766 -757
S 895 516 845
S 168 -26 -52
S 573 407 -751
S 597 -899 -676
S 563 602 -706
S 682 -790 -718
S -645 728 524
S -517 -691 758
S -396 737 -690
S -454 -776 -912
S 853 420 692
S -427 -722 713
S 620 422 -686
S 
S 556 -743 700
S -394 816 770
S 723 -794 659
S 855 406 -530
S -561 816 749
S 171 -11 61
S -352 905 -776
S -259 -559 -443
S -703 -678 317
S 714 560 493
S -14 166 -124
S 793 -472 -412
S 880 -500 -516
S -640 -698 497
S 688 -812 639
S 762 -456 -557
S 523 559 564
S -601 -758 386
S -228 -515 -482
S 722 407 -491
S 644 516 455
S -277 -750 -483
S 874 440 -377
S -531 943 -709
S -403 713 730
S -355 880 -720
S 
S -622 343 490
S 489 286 -639
S -98 -108 -3
S -846 381 -702
S -570 362 -701
S 521 -425 -554
S 674 715 760
S 499 570 -635
S -611 -606 -586
S 878 700 801
S 373 -559 412
S 401 -516 490
S 538 399 -663
S -616 -819 408
S 674 703 893
S 437 -375 -403
S -700 -507 -575
S -604 -751 479
S -500 -758 430
S -804 286 539
S 386 -426 557
S 67 -103 139
S 539 -440 -397
S -742 466 -703
S -574 -488 -570
S -660 232 552
S 
S -922 -608 651
S 435 -272 -755
S -479 617 -635
S -564 571 507
S 322 412 743
S 493 -310 -870
S -761 -376 -659
S 579 -642 681
S 399 -585 661
S 254 423 795
S -813 -523 693
S 384 -632 726
S 429 439 -675
S -121 75 -1
S -658 582 -669
S -619 -431 -662
S 317 534 -598
S -468 541 392
S -644 555 -656
S 397 -352 -717
S 267 500 -631
S -878 -384 663
S -718 -495 -744
S 344 376 669
S -478 499 485
S 
S -760 373 -598
S -714 574 383
S -499 -330 -781
S 439 -375 -810
S -644 -789 695
S 555 520 671
S -641 -372 -687
S 323 -754 683
S -705 366 -824
S -570 -494 -743
S -704 -788 667
S 453 -347 -845
S 389 -712 826
S -68 12 56
S -695 -821 760
S -657 386 -668
S 459 -797 717
S 683 630 -428
S -641 550 490
S 403 -372 -905
S 735 697 -391
S -707 543 578
S 675 674 -492
S 51 -73 -87
S 589 374 584
S 720 495 621
S 
S 580 -390 -635
S 524 -463 348
S 338 791 497
S 684 -341 -642
S -688 -469 -394
S -613 -321 -360
S 562 -401 459
S 610 659 -372
S -562 -720 487
S -807 357 614
S 380 -450 402
S 484 664 -391
S -886 390 488
S -717 -495 -378
S -128 -55 -8
S -701 598 -436
S -818 429 597
S 614 790 478
S 573 675 -490
S -863 636 -370
S 442 792 582
S -814 648 -428
S 568 -319 -703
S -560 -644 497
S 23 63 84
S -638 -687 585